00001/001.bmp
1
87 76 304 343 0 0 0 0 0 0
00001/002.bmp
1
99 90 274 320 0 0 0 0 0 0
00001/003.bmp
1
106 86 250 322 0 0 0 0 0 0
00001/004.bmp
1
114 87 244 319 0 0 0 0 0 0
00001/005.bmp
1
103 76 262 345 0 0 0 0 0 0
00001/006.bmp
1
107 81 262 330 0 0 0 0 0 0
00001/007.bmp
1
106 74 253 340 0 0 0 0 0 0
00001/008.bmp
1
48 10 305 376 0 0 0 0 0 0
00001/009.bmp
1
71 22 278 363 0 0 0 0 0 0
00002/001.bmp
1
109 75 275 373 0 0 0 0 0 0
00002/002.bmp
1
101 64 279 391 0 0 0 0 0 0
00002/003.bmp
1
89 63 300 388 0 0 0 0 0 0
00002/004.bmp
1
103 60 287 396 0 0 0 0 0 0
00002/005.bmp
1
101 60 287 397 0 0 0 0 0 0
00002/006.bmp
1
114 86 272 363 0 0 0 0 0 0
00002/007.bmp
1
108 73 288 387 0 0 0 0 0 0
00002/008.bmp
1
111 79 278 384 0 0 0 0 0 0
00002/009.bmp
1
124 75 276 384 0 0 0 0 0 0
00002/010.bmp
1
102 46 287 396 0 0 0 0 0 0
00003/001.bmp
1
134 25 297 390 0 0 0 0 0 0
00003/002.bmp
1
139 28 282 379 0 0 0 0 0 0
00003/003.bmp
1
128 22 306 389 0 0 0 0 0 0
00003/004.bmp
1
127 17 306 396 0 0 0 0 0 0
00003/005.bmp
1
140 22 283 389 0 0 0 0 0 0
00003/006.bmp
1
133 19 291 394 0 0 0 0 0 0
00003/007.bmp
1
137 13 289 400 0 0 0 0 0 0
00003/008.bmp
1
135 7 292 409 0 0 0 0 0 0
00003/009.bmp
1
129 16 293 396 0 0 0 0 0 0
00003/010.bmp
1
132 23 294 386 0 0 0 0 0 0
00003/011.bmp
1
129 26 296 391 0 0 0 0 0 0
00004/001.bmp
1
123 55 304 328 0 0 0 0 0 0
00004/002.bmp
1
127 54 287 346 0 0 0 0 0 0
00004/003.bmp
1
131 49 280 360 0 0 0 0 0 0
00004/004.bmp
1
130 57 289 352 0 0 0 0 0 0
00004/005.bmp
1
121 63 295 331 0 0 0 0 0 0
00004/006.bmp
1
121 61 300 344 0 0 0 0 0 0
00004/007.bmp
1
115 59 315 347 0 0 0 0 0 0
00004/008.bmp
1
125 62 281 345 0 0 0 0 0 0
00004/009.bmp
1
125 47 282 365 0 0 0 0 0 0
00005/001.bmp
1
70 155 216 321 0 0 0 0 0 0
00005/002.bmp
1
57 151 240 322 0 0 0 0 0 0
00005/003.bmp
1
64 157 237 320 0 0 0 0 0 0
00005/004.bmp
1
62 158 238 321 0 0 0 0 0 0
00005/005.bmp
1
64 163 231 309 0 0 0 0 0 0
00005/006.bmp
1
62 150 239 324 0 0 0 0 0 0
00005/007.bmp
1
94 157 224 313 0 0 0 0 0 0
00005/008.bmp
1
87 153 245 332 0 0 0 0 0 0
00005/009.bmp
1
81 156 241 318 0 0 0 0 0 0
00006/001.bmp
1
39 88 284 378 0 0 0 0 0 0
00006/002.bmp
1
44 98 277 366 0 0 0 0 0 0
00006/003.bmp
1
43 90 271 376 0 0 0 0 0 0
00006/004.bmp
1
43 99 280 373 0 0 0 0 0 0
00006/005.bmp
1
54 97 262 371 0 0 0 0 0 0
00006/006.bmp
1
43 95 284 373 0 0 0 0 0 0
00006/007.bmp
1
68 108 282 360 0 0 0 0 0 0
00006/008.bmp
1
67 97 273 373 0 0 0 0 0 0
00006/009.bmp
1
58 100 278 373 0 0 0 0 0 0
00007/001.bmp
1
75 162 275 334 0 0 0 0 0 0
00007/002.bmp
1
67 157 288 338 0 0 0 0 0 0
00007/003.bmp
1
76 158 273 336 0 0 0 0 0 0
00007/004.bmp
1
72 157 280 339 0 0 0 0 0 0
00007/005.bmp
1
71 160 293 337 0 0 0 0 0 0
00007/006.bmp
1
77 154 272 346 0 0 0 0 0 0
00007/007.bmp
1
62 164 304 331 0 0 0 0 0 0
00007/008.bmp
1
62 158 325 352 0 0 0 0 0 0
00007/009.bmp
1
60 162 302 345 0 0 0 0 0 0
00008/001.bmp
1
127 182 262 314 0 0 0 0 0 0
00008/002.bmp
1
125 183 256 315 0 0 0 0 0 0
00008/003.bmp
1
123 174 253 322 0 0 0 0 0 0
00008/004.bmp
1
125 178 265 318 0 0 0 0 0 0
00008/005.bmp
1
117 174 262 322 0 0 0 0 0 0
00008/006.bmp
1
123 178 257 321 0 0 0 0 0 0
00008/007.bmp
1
130 192 246 309 0 0 0 0 0 0
00008/008.bmp
1
123 202 248 294 0 0 0 0 0 0
00008/009.bmp
1
127 193 253 304 0 0 0 0 0 0
00009/001.bmp
1
71 27 307 398 0 0 0 0 0 0
00009/002.bmp
1
75 26 310 392 0 0 0 0 0 0
00009/003.bmp
1
72 27 308 396 0 0 0 0 0 0
00009/004.bmp
1
69 29 317 398 0 0 0 0 0 0
00009/005.bmp
1
71 24 318 407 0 0 0 0 0 0
00009/006.bmp
1
62 22 327 411 0 0 0 0 0 0
00009/007.bmp
1
71 31 301 407 0 0 0 0 0 0
00009/008.bmp
1
71 21 313 406 0 0 0 0 0 0
00009/009.bmp
1
72 14 314 418 0 0 0 0 0 0
00009/010.bmp
1
69 21 312 414 0 0 0 0 0 0
00010/001.bmp
1
118 131 286 387 0 0 0 0 0 0
00010/002.bmp
1
116 140 285 379 0 0 0 0 0 0
00010/003.bmp
1
118 139 287 374 0 0 0 0 0 0
00010/004.bmp
1
120 135 277 385 0 0 0 0 0 0
00010/005.bmp
1
122 156 282 360 0 0 0 0 0 0
00010/006.bmp
1
114 152 286 374 0 0 0 0 0 0
00010/007.bmp
1
114 149 285 378 0 0 0 0 0 0
00010/008.bmp
1
115 147 273 371 0 0 0 0 0 0
00010/009.bmp
1
114 157 286 374 0 0 0 0 0 0
00010/010.bmp
1
107 150 287 382 0 0 0 0 0 0
00010/011.bmp
1
112 148 279 381 0 0 0 0 0 0
00010/012.bmp
1
100 151 297 384 0 0 0 0 0 0
00010/013.bmp
1
113 146 278 380 0 0 0 0 0 0
00010/014.bmp
1
109 152 279 362 0 0 0 0 0 0
00011/001.bmp
1
86 104 259 350 0 0 0 0 0 0
00011/002.bmp
1
82 99 280 377 0 0 0 0 0 0
00011/003.bmp
1
81 87 265 387 0 0 0 0 0 0
00011/004.bmp
1
71 91 291 381 0 0 0 0 0 0
00011/005.bmp
1
63 84 297 390 0 0 0 0 0 0
00011/006.bmp
1
73 92 280 379 0 0 0 0 0 0
00011/007.bmp
1
71 85 291 389 0 0 0 0 0 0
00011/008.bmp
1
80 93 285 382 0 0 0 0 0 0
00011/009.bmp
1
75 86 292 399 0 0 0 0 0 0
00012/001.bmp
1
71 152 256 370 0 0 0 0 0 0
00012/002.bmp
1
65 140 272 381 0 0 0 0 0 0
00012/003.bmp
1
62 127 278 399 0 0 0 0 0 0
00012/004.bmp
1
58 125 291 400 0 0 0 0 0 0
00012/005.bmp
1
62 124 272 404 0 0 0 0 0 0
00012/006.bmp
1
69 138 268 388 0 0 0 0 0 0
00012/007.bmp
1
69 143 264 379 0 0 0 0 0 0
00012/008.bmp
1
61 134 284 392 0 0 0 0 0 0
00012/009.bmp
1
62 129 283 396 0 0 0 0 0 0
00012/010.bmp
1
53 139 308 392 0 0 0 0 0 0
00012/011.bmp
1
54 132 287 392 0 0 0 0 0 0
00013/001.bmp
1
57 44 283 341 0 0 0 0 0 0
00013/002.bmp
1
65 26 254 357 0 0 0 0 0 0
00013/003.bmp
1
53 39 266 338 0 0 0 0 0 0
00013/004.bmp
1
71 53 246 322 0 0 0 0 0 0
00013/005.bmp
1
55 43 273 342 0 0 0 0 0 0
00013/006.bmp
1
62 52 266 331 0 0 0 0 0 0
00013/007.bmp
1
51 55 281 330 0 0 0 0 0 0
00013/008.bmp
1
59 54 278 331 0 0 0 0 0 0
00013/009.bmp
1
57 52 287 333 0 0 0 0 0 0
00014/001.bmp
1
68 126 303 365 0 0 0 0 0 0
00014/002.bmp
1
60 118 308 387 0 0 0 0 0 0
00014/003.bmp
1
53 108 335 392 0 0 0 0 0 0
00014/004.bmp
1
60 100 339 402 0 0 0 0 0 0
00014/005.bmp
1
62 116 334 386 0 0 0 0 0 0
00014/006.bmp
1
70 118 314 390 0 0 0 0 0 0
00014/007.bmp
1
80 122 310 378 0 0 0 0 0 0
00014/008.bmp
1
76 107 301 394 0 0 0 0 0 0
00014/009.bmp
1
62 118 334 384 0 0 0 0 0 0
00014/010.bmp
1
70 114 321 385 0 0 0 0 0 0
00014/011.bmp
1
77 139 291 344 0 0 0 0 0 0
00014/012.bmp
1
91 155 267 343 0 0 0 0 0 0
00014/013.bmp
1
84 169 289 328 0 0 0 0 0 0
00015/001.bmp
1
69 48 300 406 0 0 0 0 0 0
00015/002.bmp
1
61 35 316 409 0 0 0 0 0 0
00015/003.bmp
1
59 30 324 424 0 0 0 0 0 0
00015/004.bmp
1
70 45 290 396 0 0 0 0 0 0
00015/005.bmp
1
84 55 273 392 0 0 0 0 0 0
00015/006.bmp
1
74 48 275 398 0 0 0 0 0 0
00015/007.bmp
1
80 51 270 396 0 0 0 0 0 0
00015/008.bmp
1
77 40 261 408 0 0 0 0 0 0
00015/009.bmp
1
75 43 266 401 0 0 0 0 0 0
00015/010.bmp
1
80 44 269 398 0 0 0 0 0 0
00016/001.bmp
1
42 123 275 393 0 0 0 0 0 0
00016/002.bmp
1
42 130 266 385 0 0 0 0 0 0
00016/003.bmp
1
44 121 271 384 0 0 0 0 0 0
00016/004.bmp
1
58 131 274 374 0 0 0 0 0 0
00016/005.bmp
1
61 131 247 390 0 0 0 0 0 0
00016/006.bmp
1
63 132 233 372 0 0 0 0 0 0
00016/007.bmp
1
64 135 246 374 0 0 0 0 0 0
00016/008.bmp
1
61 136 248 374 0 0 0 0 0 0
00016/009.bmp
1
53 131 269 374 0 0 0 0 0 0
00016/010.bmp
1
49 133 265 369 0 0 0 0 0 0
00016/011.bmp
1
50 138 272 358 0 0 0 0 0 0
00016/012.bmp
1
68 134 233 373 0 0 0 0 0 0
00016/013.bmp
1
67 134 234 370 0 0 0 0 0 0
00016/014.bmp
1
53 134 251 370 0 0 0 0 0 0
00016/015.bmp
1
43 141 256 364 0 0 0 0 0 0
00016/016.bmp
1
60 126 259 382 0 0 0 0 0 0
00016/017.bmp
1
71 137 229 350 0 0 0 0 0 0
00016/018.bmp
1
70 135 232 359 0 0 0 0 0 0
00016/019.bmp
1
69 135 249 366 0 0 0 0 0 0
00016/020.bmp
1
68 139 234 353 0 0 0 0 0 0
00016/021.bmp
1
60 134 253 364 0 0 0 0 0 0
00016/022.bmp
1
62 133 244 368 0 0 0 0 0 0
00017/001.bmp
1
106 104 255 344 0 0 0 0 0 0
00017/002.bmp
1
97 104 269 357 0 0 0 0 0 0
00017/003.bmp
1
97 99 270 362 0 0 0 0 0 0
00017/004.bmp
1
102 101 255 353 0 0 0 0 0 0
00017/005.bmp
1
111 114 240 338 0 0 0 0 0 0
00017/006.bmp
1
106 115 243 347 0 0 0 0 0 0
00017/007.bmp
1
106 107 256 319 0 0 0 0 0 0
00017/008.bmp
1
99 104 252 343 0 0 0 0 0 0
00017/009.bmp
1
107 100 258 349 0 0 0 0 0 0
00017/010.bmp
1
115 190 238 324 0 0 0 0 0 0
00018/001.bmp
1
151 115 246 375 0 0 0 0 0 0
00018/002.bmp
1
157 124 257 369 0 0 0 0 0 0
00018/003.bmp
1
163 118 253 377 0 0 0 0 0 0
00018/004.bmp
1
145 119 272 374 0 0 0 0 0 0
00018/005.bmp
1
145 104 278 388 0 0 0 0 0 0
00018/006.bmp
1
143 107 260 388 0 0 0 0 0 0
00018/007.bmp
1
149 112 270 388 0 0 0 0 0 0
00018/008.bmp
1
160 112 253 389 0 0 0 0 0 0
00018/009.bmp
1
149 116 259 395 0 0 0 0 0 0
00019/001.bmp
1
93 118 262 343 0 0 0 0 0 0
00019/002.bmp
1
81 132 286 337 0 0 0 0 0 0
00019/003.bmp
1
76 124 289 343 0 0 0 0 0 0
00019/004.bmp
1
62 120 303 349 0 0 0 0 0 0
00019/005.bmp
1
48 157 301 309 0 0 0 0 0 0
00019/006.bmp
1
77 148 257 316 0 0 0 0 0 0
00019/007.bmp
1
63 147 276 313 0 0 0 0 0 0
00019/008.bmp
1
62 136 286 337 0 0 0 0 0 0
00019/009.bmp
1
76 159 284 327 0 0 0 0 0 0
00019/010.bmp
1
84 153 274 322 0 0 0 0 0 0
00020/001.bmp
1
127 167 305 439 0 0 0 0 0 0
00020/002.bmp
1
118 172 314 446 0 0 0 0 0 0
00020/003.bmp
1
125 173 299 437 0 0 0 0 0 0
00020/004.bmp
1
123 178 313 433 0 0 0 0 0 0
00020/005.bmp
1
124 172 304 441 0 0 0 0 0 0
00020/006.bmp
1
109 161 319 465 0 0 0 0 0 0
00020/007.bmp
1
127 169 302 451 0 0 0 0 0 0
00020/008.bmp
1
121 164 324 463 0 0 0 0 0 0
00020/009.bmp
1
120 165 305 457 0 0 0 0 0 0
